5	7	15	21	26	30	42	45	47		角度间（950）
2	4	5	6	7	8	9	11	12	13	14	17	20	22		角度内
5	7	15	21	22	26	30	42	45	47		角度间（900）
2	4	5	6	7	8	9	10	11	12	13	14	17	20	22		角度内
5	7	12	15	21	22	26	30	42	45	47		角度间（850）
2	4	5	6	7	8	9	10	11	12	13	14	17	20	22		角度内
5	7	12	15	21	22	26	30	42	45	47		角度间（800）--800度的和750度的居然一样！！！和780度的在角度内的一样
2	4	5	6	7	8	9	10	11	12	13	14	17	20		角度内
26	30	42	45	47		角度间（780）
2	4	5	6	7	8	9	10	11	12	13	14	17	20		角度内
5	7	12	15	21	22	26	30	42	45	47		角度间（750）
2	4	5	6	7	8	9	10	11	12	13	14	17	20		角度内
5	15	26	42	45		角度间（700）
2	4	5	6	7	8	9	10	11	12	13	17	20	22		角度内
7		角度间（650）
2	3	5	6	8	9	10	11	12	14	15	16	17	19	20	22		角度内
5	15	45		角度间(600)
1	2	3	5	6	7	8	9	10	12	13	15	17	19	20	21	22		角度内
5	15	26	30	42	45		角度间(550)
1	2	3	4	6	7	8	9	10	11	12	13	17	20	22		角度内
5	6	26	45		角度间(500)
2	3	5	6	7	8	9	10	11	12	13	17	20	21	22		角度内
3	4	5	6	15	45	47		角度间(450)
2	3	4	5	6	10	11	12	13	17	20	22		角度内
3	5	6	9	15	18	26	30	32	33	34	45	46	47		角度间（405）
2	3	4	5	6	7	9	12	13	17	19	20	21	22		角度内
%%修改后：
16		角度间(650)
1	2	4	5	6	7	8	9	11	13	14	16	17	18	19	20	21	22		角度内
8	11	16	19	20	21	25	26	30	42	45	47		角度间(780)
1	2	3	4	6	7	8	11	13	14	15	16	17	18	19	20	21	22		角度内
8	45		角度间(600)
1	4	5	6	7	8	9	11	13	14	16	17	18	20	21	22		角度内
8	10	25	26	42	45		角度间(700)
1	2	3	4	5	6	7	8	9	11	14	15	16	17	18	19	20	21	22		角度内
8	11	16	19	21	26	30	42	45	47		角度间(750)
1	2	3	4	5	6	7	8	11	13	14	15	16	17	18	19	20	21	22		角度内
6	8	11	16	19	21	25	26	30	42	45	47		角度间（800）
1	2	3	4	6	7	8	11	13	14	15	16	17	18	19	20	21	22		角度内
8	10	25	26	30	42	45		角度间（550）
1	2	3	4	5	6	7	8	9	11	13	14	15	16	17	18	19	20	21	22		角度内
8	15	16	45		角度间(500)
1	3	4	5	6	7	8	11	13	14	15	16	17	18	19	20	21	22		角度内
16		角度间(645)
1	2	4	5	6	7	8	11	13	14	16	17	18	19	20	21	22		角度内
16		角度间(663)
1	2	4	5	6	7	8	11	13	14	16	17	18	19	20	21	22		角度内
3	4	8	10	15	17	26	30	32	33	45	46	47		角度间(443)
1	4	5	6	7	8	9	10	11	13	15	16	17	18	19	21		角度内
